bounds <- matrix(c(-1,-1,1,1),2,2)
budget <- 40
x0 <- c(0.5,0.5)

