.Random.seed <-
c(403L, 512L, 1703585871L, 438237020L, -1137906559L, -274121849L, 
-2111822014L, -2016514863L, 1463923698L, -162740046L, 1433535676L, 
1628911573L, -1028931960L, -50772043L, -1643879651L, 185341616L, 
-372998451L, -902435311L, 1499831337L, 737186649L, 255826877L, 
-1684176523L, -2069788634L, -1468881358L, 1549505245L, 741560350L, 
1296363777L, -2029210456L, 138593111L, 83135877L, 930002782L, 
-1171513298L, 1104360497L, -1371618147L, 1175042613L, -387145959L, 
778277814L, -829343708L, 496899649L, -1026078926L, 1611479077L, 
-310811647L, -371184919L, -305044136L, 486587493L, -1957151402L, 
1691262380L, -1442654571L, -285380022L, -710246182L, 322011024L, 
1835938150L, -83145094L, 1943379262L, -1525619459L, -1237630681L, 
-403603492L, 1645124745L, 289141658L, 318416367L, -1909429772L, 
-1704211982L, 977466881L, -1189558397L, 386621942L, 2026017818L, 
-788345664L, -1388068974L, -1222314905L, -1672127583L, 1278652040L, 
-1481096213L, -2115262184L, 1557905608L, -1003544510L, -1261580693L, 
-1295776214L, -745387097L, -1163564993L, -1297438470L, -655248225L, 
931919423L, -569983189L, 420984739L, -2130299713L, 2093996019L, 
-1672924888L, -140809080L, 1675785459L, 1092950412L, -1277757193L, 
-1168452406L, -1937655907L, -182153041L, -1356444500L, -1419151820L, 
755036047L, -523859421L, -1143454101L, 1285284939L, -62254112L, 
-568433054L, 1050202331L, 1741396952L, 1019446407L, 1112289387L, 
-586559309L, 1301708674L, 486131139L, 558868436L, 1559910370L, 
-740967061L, -169395040L, -629307132L, -1520295850L, 2077354068L, 
-513789168L, -161213368L, -497727269L, 303863689L, 239244750L, 
-91234557L, 774961908L, 1829752629L, 546595790L, 1698418880L, 
-848251365L, -791304675L, -39512600L, 1163369340L, -149761382L, 
-375138464L, -1242695443L, -315485509L, 673708294L, 1550503821L, 
-628270970L, -346421306L, 259306440L, -206315583L, -1350888020L, 
-2138174879L, 1082789289L, 1911517116L, -1366127311L, -1895721907L, 
-434309851L, 1298452165L, 1534969545L, -1700984831L, -290847494L, 
942635630L, 236022345L, 1926653026L, 981897389L, 1043096092L, 
734327603L, -654629783L, 1068616178L, -755104766L, 1917962957L, 
-1102935671L, 58799121L, -514278219L, 833488098L, -1854914152L, 
-1434587603L, -1747924754L, -2090901783L, 1544501381L, 1933912053L, 
-1681861892L, -603668463L, -1188358990L, 332727960L, 1268614001L, 
-93275010L, -1487300634L, 1547041740L, -2040593942L, 1514273190L, 
-2063100134L, -2014182439L, -408597037L, 1870980560L, -2030701003L, 
-968595330L, -1440175573L, -1765753512L, 1640688110L, -1027158395L, 
17021207L, 2072779586L, 1839965998L, 1913655596L, -2024076514L, 
-608601893L, 73424477L, -1351075020L, -1567112545L, 579024500L, 
-556717404L, 751093094L, -250046737L, 1208229270L, 1947832747L, 
-200846285L, -513282802L, -544392533L, -2018336301L, 564564191L, 
988101639L, 771517427L, -768800537L, -1047701580L, 1669555340L, 
439455511L, -608321784L, -282575669L, 2077641190L, 1774294433L, 
-686592021L, -1082622024L, -1217562320L, -1027030381L, -16559345L, 
-1689250967L, 1314540848L, -1656470121L, 489580531L, 1862285368L, 
1588156534L, -679288656L, -1302677649L, 728595095L, -1557717032L, 
720115521L, -551811386L, 1749946171L, 733330799L, -1086033247L, 
1393553384L, -1787441523L, 759899737L, -87127765L, -1205901570L, 
-1600799392L, 987352834L, 570201056L, 1408777444L, -1235950332L, 
2085602573L, 574165225L, 1358871992L, 1955558226L, 1204253419L, 
-172129924L, 67075952L, -1175611038L, 2069694142L, 1412027013L, 
1784788342L, -1472102054L, -873673598L, -1121394036L, 792075783L, 
1806783489L, -386087274L, 105529719L, 516316912L, -806537709L, 
-933000221L, -434705971L, -314837410L, 1770784029L, 1071563517L, 
-585525337L, -1326848976L, -1986760940L, -1227912308L, -1196512706L, 
1754167756L, -1836589870L, -1579261344L, -1172643302L, 1060272049L, 
1049719252L, 158274836L, 2062212596L, 1024455971L, 933857111L, 
-2147426780L, -1896377863L, 1035029410L, -367885744L, 389195412L, 
2032207795L, -2142007320L, 1402257241L, 30681518L, 1114993877L, 
1494162828L, 1527448050L, -767977395L, -1700059382L, 1397610450L, 
-1551363607L, -1686154522L, 400709518L, -1366271327L, -257340339L, 
-1303991461L, 398884172L, -369362212L, -277549269L, 1837262448L, 
-1861649128L, -1655815581L, -459572406L, 378179912L, 145903546L, 
-1403054587L, 767769533L, -511562018L, 591397725L, 1337334256L, 
380860256L, 1008680626L, 1807554469L, -166052694L, -308655915L, 
-940432170L, 508551005L, 1353124248L, -850091524L, 2063805051L, 
115578152L, -941624634L, -694384601L, -886666228L, -739559344L, 
-120925623L, -1872310033L, -24238129L, -2015817024L, -1159552606L, 
91070415L, 250654472L, 1165452810L, 1578228469L, 877275564L, 
-1934948900L, -1298072072L, -1352714753L, 1923857575L, 1094889888L, 
-868109255L, 1202451574L, -443876336L, 295322108L, 968073155L, 
-1477439196L, -377976531L, 1276814882L, -2087631827L, -1338276476L, 
905518646L, -2073275531L, -1175987738L, -629103446L, 897881441L, 
-503407718L, -1504063202L, -1076046423L, -1050688307L, 618497371L, 
-1211452500L, -525283532L, 539390699L, 1058223160L, -1032044092L, 
861215099L, 1124701166L, -1579710112L, 311701738L, 957318925L, 
1523198001L, -617075930L, 266765541L, -635111680L, -1518558728L, 
-198872594L, 1461349513L, 1889950138L, 2045605865L, 973110194L, 
892236269L, -94321616L, 1802274060L, 689703756L, -51505846L, 
-1314512147L, -2087911579L, 224614142L, -1330022813L, 297300509L, 
-1727699258L, -49810730L, -1311310016L, -2025914113L, 1170550055L, 
-1956400400L, 1231547071L, -140086629L, 1608460811L, -1808392493L, 
-780680342L, -893126236L, 984348845L, 1232192746L, -1879488806L, 
-493284694L, 149225841L, -1568465335L, -1730549625L, 194578397L, 
-1204334043L, 1569631442L, -1549584436L, -1765847518L, -299747103L, 
-1686088546L, 2106480424L, 603112161L, 1067369135L, 1083702140L, 
-1232320215L, 2083022485L, 324199088L, -935227886L, -1785507036L, 
-1212742411L, -833086829L, -1705328640L, 1449192069L, -724223831L, 
-2138333907L, 1820919967L, 2032877420L, -11237510L, -937475369L, 
-312380784L, 872999990L, 2002283182L, -65735586L, -398660588L, 
-184202652L, -1664488160L, 954094307L, -1090231943L, -719846788L, 
-1882451034L, -739492607L, -1239275810L, -88836052L, -1024866472L, 
-720646079L, 703095027L, 1885330767L, -1914561366L, 2067288187L, 
604869113L, -18162726L, -1178478036L, -1197970024L, -931345614L, 
-50066036L, -2116328445L, -538022409L, 1937864168L, -465591918L, 
737439301L, 226333599L, -418487050L, -607002254L, 277819754L, 
-834318341L, 1531763373L, -733278658L, 1696513993L, -1423189758L, 
-1630782720L, 1815440105L, -563816817L, -438118250L, -1579515999L, 
2030479409L, 1853097967L, 179311196L, 1615616128L, -1270719074L, 
218142785L, 2091352476L, 132801344L, -1246351991L, -856004905L, 
2062924485L, 761813251L, -490644581L, -2063172038L, 2022883630L, 
843558177L, -1371979151L, -1299569514L, -1639773932L, 1919538569L, 
-648233117L, 598150119L, -1187662598L, -2003386606L, 1539896947L, 
877328354L, 165790725L, -744585209L, 7490506L, -1650540648L, 
716571255L, 1035930956L, 1805266438L, 65563626L, -2066180549L, 
788541837L, 1475238557L, 228058380L, 1405160465L, -1027386741L, 
1489808380L, -1243021082L, 169419654L, 872832L, -291232018L, 
-583141295L, -111098251L, 588042286L, 891888700L, 847563575L, 
-1241881919L, 360155476L, 1395559612L, 1012201168L, -1100516487L, 
97421399L, 562284836L, -681667813L, 2100378972L, -2066238682L, 
2031298119L, 1272279705L, -1433540540L, 243249103L, 1298967323L, 
-160236487L, 73572806L, -41824174L, -1602249076L, 1756038539L, 
1678848298L, 966811138L, -1813962659L, -1491553904L, -356303583L, 
-2132705382L, -1048481488L, -138555112L, -1792982462L, 12717410L, 
1484902640L, -1416016812L, -1990842751L, -1873701921L, 1551257113L, 
-1425201628L, 2013061105L, 939827616L, -1336189947L, 264679907L, 
-1557826149L, -1608556784L, 764050339L, -1881827828L, 1663083841L, 
316588333L, 1584513881L, 792030174L, 378312276L, 1653919253L, 
-635768311L, 478537961L, 758277360L, -942076693L, -2117379284L, 
